18
HeR_WP_100389406        0.0000000 0.1410666 0.9178128 0.7046621 0.7622069 1.4243288 1.2511980 1.3524700 5.1635164 6.3626828 4.7390986 3.7087430 3.8956801 4.0257070 4.3466533 5.7278085 4.5303533 5.9065440 
HeR_WP_066598408        0.1410666 0.0000000 0.9316429 0.7092282 0.7308380 1.3480550 1.2294719 1.2769167 4.8752767 6.1429833 4.7965701 3.9089044 4.1390186 4.0980994 4.1281146 5.2038543 4.5707229 5.5596363 
HeR_WP_035950083        0.9178128 0.9316429 0.0000000 0.8303431 0.7201549 0.8289155 0.8846958 1.2172260 4.4490000 4.7335340 4.2121179 3.1947418 3.0628097 3.0301255 3.9972891 6.3750252 4.2037943 4.9525269 
HeR_WP_095673229        0.7046621 0.7092282 0.8303431 0.0000000 0.4874289 1.1559612 1.1322483 1.2292575 4.8352177 5.1626167 4.3196283 3.6426269 3.5137492 3.5730295 4.3099604 5.8084695 4.1876040 4.9672066 
HeR_AVZ43932            0.7622069 0.7308380 0.7201549 0.4874289 0.0000000 1.1298341 1.1178392 1.1841064 5.2811317 5.3634238 4.5921240 3.9402849 3.9348141 3.9622159 4.9077160 6.0691959 4.3858533 5.1716151 
HeR_HEX6952830          1.4243288 1.3480550 0.8289155 1.1559612 1.1298341 0.0000000 0.4394077 0.9043738 4.2708716 4.3573036 4.6229390 3.6606439 3.4184919 3.2690119 3.7323932 5.6626414 4.2843697 4.5570675 
HeR_MEK9135620          1.2511980 1.2294719 0.8846958 1.1322483 1.1178392 0.4394077 0.0000000 0.6343206 4.0825007 4.2641687 4.3298743 3.4596361 3.4429407 3.2964187 3.8911805 5.6922523 4.6702412 4.8016367 
HeR_HMA83780            1.3524700 1.2769167 1.2172260 1.2292575 1.1841064 0.9043738 0.6343206 0.0000000 4.8968854 5.2123417 4.4090292 3.4928577 3.4399297 3.2732996 4.3113132 5.3499085 4.3159625 4.0927992 
SzR_HDR73074            5.1635164 4.8752767 4.4490000 4.8352177 5.2811317 4.2708716 4.0825007 4.8968854 0.0000000 0.7300094 1.3021139 1.8748729 1.9864894 1.8838170 1.7509581 2.0034015 3.2507879 2.6306246 
SzR_TFH15433            6.3626828 6.1429833 4.7335340 5.1626167 5.3634238 4.3573036 4.2641687 5.2123417 0.7300094 0.0000000 1.3848979 1.8608405 1.9912393 1.8878920 1.5847203 1.8052252 3.5363122 3.0505598 
SzR_TE_S2S_00499        4.7390986 4.7965701 4.2121179 4.3196283 4.5921240 4.6229390 4.3298743 4.4090292 1.3021139 1.3848979 0.0000000 1.6030903 1.4843374 1.5091553 1.9158105 2.3168371 3.2561599 2.6720433 
SzR_AM_5_00977          3.7087430 3.9089044 3.1947418 3.6426269 3.9402849 3.6606439 3.4596361 3.4928577 1.8748729 1.8608405 1.6030903 0.0000000 0.4041694 0.3757785 1.6595449 2.1849073 2.6546382 2.7533854 
SzR_TE_5S_00009         3.8956801 4.1390186 3.0628097 3.5137492 3.9348141 3.4184919 3.4429407 3.4399297 1.9864894 1.9912393 1.4843374 0.4041694 0.0000000 0.1514250 1.7831441 2.5389285 2.5912591 2.7560354 
SzR_AM_5S_00009         4.0257070 4.0980994 3.0301255 3.5730295 3.9622159 3.2690119 3.2964187 3.2732996 1.8838170 1.8878920 1.5091553 0.3757785 0.1514250 0.0000000 1.6619502 2.5356197 2.5761851 2.7629581 
SzR_Ga0105045_102227662 4.3466533 4.1281146 3.9972891 4.3099604 4.9077160 3.7323932 3.8911805 4.3113132 1.7509581 1.5847203 1.9158105 1.6595449 1.7831441 1.6619502 0.0000000 1.6787636 2.9551953 2.9325348 
SzR_SAMEA_2622822       5.7278085 5.2038543 6.3750252 5.8084695 6.0691959 5.6626414 5.6922523 5.3499085 2.0034015 1.8052252 2.3168371 2.1849073 2.5389285 2.5356197 1.6787636 0.0000000 3.5086634 3.5719642 
OG_WP_285271495         4.5303533 4.5707229 4.2037943 4.1876040 4.3858533 4.2843697 4.6702412 4.3159625 3.2507879 3.5363122 3.2561599 2.6546382 2.5912591 2.5761851 2.9551953 3.5086634 0.0000000 1.9802615 
OG_WP_136361479         5.9065440 5.5596363 4.9525269 4.9672066 5.1716151 4.5570675 4.8016367 4.0927992 2.6306246 3.0505598 2.6720433 2.7533854 2.7560354 2.7629581 2.9325348 3.5719642 1.9802615 0.0000000 
